5.53132922208874
3.83330244955675
1.46276386262549
1.41011385732846
0.867912337357519
0.714409701185961
0.495188726200937
0.410982712817366
0.391600523890097
0.289982858280607
0.269547759527872
0.262242456675398
0.228631824259911
0.182512153167409
0.156663723439178
0.153703496257338
0.145389566979984
0.126237417313562
0.11423639453604
0.100469117662779
0.0918021674735872
0.0842165342537431
0.0765274641380974
0.0729426959991581
0.0694709765756067
0.0641131882627075
0.0583781898737754
0.0495581805578353
0.0475423610165533
0.0466703299938363
0.0447243410684495
0.0426416249817687
0.0405876325835608
0.038144031812715
0.0332779526730938
0.0325492994476196
0.0313001044202993
0.0294451556179007
0.0283315325322601
0.0260143047052248
0.024456360684501
0.0229602661817089
0.0220653042679144
0.021811812982714
0.0215191487032155
0.0193821316489755
0.0186311949150146
0.0183301422017703
0.0179277834832609
0.0171935829188665
0.0164568220737389
0.0157613152520584
0.0153479366565066
0.0144900531575116
0.0141233025647903
0.0137161815997955
0.0136293197956043
0.0129114758335051
0.0124935659066004
0.0122084639194213
0.0119868660324693
0.0115421181356622
0.0111920766991542
0.010817032813278
0.0102761760028126
0.00987182077753762
0.00953378745104889
0.00937412755542061
0.00919074352471029
0.00901765241231109
0.00876100053441891
0.00839645997670476
0.0081402787625021
0.00811964568883261
0.0079362322058981
0.00772505860880585
0.00766443219585035
0.00740679679631681
0.00715170201093524
0.00692869911849913
0.00664483539943505
0.0065817287765912
0.00640349129190349
0.00627426101839641
0.00618234716020811
0.00599698383665597
0.00590581566914317
0.00570875553108798
0.00555358750298025
0.00548954392147422
0.00533821080431588
0.00514522217833767
0.00510495396383666
0.00494881999117923
0.00487843705480413
0.00484751358160826
0.0047114923123837
0.00461020262809292
0.00449597500219366
0.00448548162879745
0.00433019097722343
0.00430521449027508
0.00425932433243246
0.00411721768661224
0.00401823820594158
0.00391319042851716
0.00382839191405991
0.00380157232259254
0.00363012998495782
0.00361586550555158
0.00355329839421505
0.00344060893404325
0.00333858769301373
0.00333051591637915
0.00325956431869665
0.00319420979076043
0.00319323995003342
0.00317966705113934
0.00310982436838546
0.00301408391252285
